PS4 N=50 Soln:
x* = [3.12911892 3.27760746 3.27073039 2.40032953 0.71314415 3.15712693
 2.54692409 3.16640317 0.95935472 3.18189302 0.40568397 2.67471495
 0.62553678 0.96486652 2.9963939  0.34258747 1.20888377 2.97827777
 3.0565148  1.05344658 2.92343469 0.87513606 1.45964505 3.02881275
 0.40495849 2.32604255 0.414675   0.50826805 2.59109798 0.58787612
 0.34688281 0.65225734 0.42637078 1.73494188 0.46406096 0.44716499
 0.61610953 1.12894    0.31457955 0.64056126 0.27538871 0.45197841
 0.47213751 0.6534026  1.29564226 0.45902522 0.74571736 0.31461258
 0.43555552 0.55503499]
f(x*) = -0.600257